576912834832574169941836752168425973754193286293768541419657328387241695625389417
506902804030504060900030002068405970750090086093708540400050008080201090605309407
523846791718952436964731528895164372671293845342578169257489613186327954439615287
520846790708902406064030028890104072601090805340508069250080610106307904039615087
578613492913245867462798351697132584135487926824569713786351249351924678249876135
070603090903205807060000050090102080005000900020509010080000040301904608040806030
925768314783415296461392578396854721517623489842971635278549163134286957659137842
020708010703405206060000070090804020007000400040901030070000060104206907050107040
832751496745693218196482753984276531257138649613945827378514962429367185561829374
002701006000690010096080053984000000200000640603005800078014900420367005501009304
381492657925763481476158329548936172213587946697214835764829513132645798859371264
000490607905060000076000029000030002003500046690010830764000513030000000050301000